Пример работы программы 

Введите количество строк (столбцов) квадратной матрицы в интервале от 6 до 100:6
Введите число К=1
матрица F промежуточное время = 0.00 seconds.
    0     0     0     0     0     0 
    0     0     0     0     0     0 
    0     0     0     0     0     0 
    0     0     0     0     0     0 
    0     0     0     0     0     0 
    0     0     0     0     0     0 
матрица A промежуточное время = 0.00 seconds.
    0     1     1     1     1     0 
    4     0     1     1     0     2 
    4     4     0     0     2     2 
    4     4     0     0     2     2 
    4     0     3     3     0     2 
    0     3     3     3     3     0 
матрица F промежуточное время = 0.00 seconds.
    0     1     1     1     1     0 
    4     0     1     1     0     2 
    4     4     0     0     2     2 
    4     4     0     0     2     2 
    4     0     3     3     0     2 
    0     3     3     3     3     0 
матрица C промежуточное время = 0.00 seconds.
    1     1     0 
    1     0     2 
    0     2     2 
Случай 1
матрица C промежуточное время = 0.00 seconds.
    0     2     2 
    1     0     2 
    1     1     0 
матрица F промежуточное время = 0.00 seconds.
    0     1     1     1     1     0 
    4     0     1     1     0     2 
    4     4     0     0     2     2 
    4     4     0     0     2     2 
    4     0     3     3     0     2 
    0     3     3     3     3     0 
матрица A промежуточное время = 0.00 seconds.
    0     1     1     1     1     0 
    4     0     1     1     0     2 
    4     4     0     0     2     2 
    4     4     0     0     2     2 
    4     0     3     3     0     2 
    0     3     3     3     3     0 
матрица K*A промежуточное время = 0.00 seconds.
    0     1     1     1     1     0 
    4     0     1     1     0     2 
    4     4     0     0     2     2 
    4     4     0     0     2     2 
    4     0     3     3     0     2 
    0     3     3     3     3     0 
матрица F^T промежуточное время = 0.00 seconds.
    0     4     4     4     4     0 
    1     0     4     4     0     3 
    1     1     0     0     3     3 
    1     1     0     0     3     3 
    1     0     2     2     0     3 
    0     2     2     2     2     0 
матрица K*F^T промежуточное время = 0.00 seconds.
    0     4     4     4     4     0 
    1     0     4     4     0     3 
    1     1     0     0     3     3 
    1     1     0     0     3     3 
    1     0     2     2     0     3 
    0     2     2     2     2     0 
матрица A*F + K*FT промежуточное время = 0.00 seconds.
    0     5     5     5     5     0 
   17     0     5     5     0     7 
   17    17     0     0     7     7 
   17    17     0     0     7     7 
   17     0    11    11     0     7 
    0    11    11    11    11     0 
Program time: 0.0009999275207519531 seconds. 
                                                    
